d 13 2 3 4 5 6 7 8 9 10 11 12 1 14 0
-1 0
d -1 -13 0
-2 0
d -2 -13 0
-3 0
d -3 -13 0
-4 0
d -4 -13 0
-5 0
d -5 -13 0
-6 0
d -6 -13 0
-7 0
d -7 -13 0
-8 0
d -8 -13 0
-9 0
d -9 -13 0
-10 0
d -10 -13 0
-11 0
d -11 -13 0
-12 0
d -12 -13 0
-14 0
d -13 -14 0
-27 0
d -13 -27 0
-41 0
d -13 -41 0
-55 0
d -13 -55 0
-69 0
d -13 -69 0
d -1 -2 0
d -1 -3 0
d -1 -4 0
d -1 -5 0
d -1 -6 0
d -1 -7 0
d -1 -8 0
d -1 -9 0
d -1 -10 0
d -1 -11 0
d -1 -12 0
d -1 -14 0
d -1 -15 0
d -1 -29 0
d -1 -43 0
d -1 -57 0
d -1 -17 0
d -1 -18 0
d -1 -19 0
d -1 -20 0
d -1 -21 0
d -1 -22 0
d -1 -23 0
d -1 -24 0
d -1 -25 0
d -1 -26 0
d -1 -31 0
d -1 -32 0
d -1 -33 0
d -1 -34 0
d -1 -35 0
d -1 -36 0
d -1 -37 0
d -1 -38 0
d -1 -39 0
d -1 -40 0
d -1 -45 0
d -1 -46 0
d -1 -47 0
d -1 -48 0
d -1 -49 0
d -1 -50 0
d -1 -51 0
d -1 -52 0
d -1 -53 0
d -1 -54 0
d -1 -59 0
d -1 -60 0
d -1 -61 0
d -1 -62 0
d -1 -63 0
d -1 -64 0
d -1 -65 0
d -1 -66 0
d -1 -67 0
d -1 -68 0
d -2 -3 0
d -2 -4 0
d -2 -5 0
d -2 -6 0
d -2 -7 0
d -2 -8 0
d -2 -9 0
d -2 -10 0
d -2 -11 0
d -2 -12 0
d -2 -14 0
d -2 -16 0
d -2 -30 0
d -2 -44 0
d -2 -58 0
d -2 -17 0
d -2 -18 0
d -2 -19 0
d -2 -20 0
d -2 -21 0
d -2 -22 0
d -2 -23 0
d -2 -24 0
d -2 -25 0
d -2 -26 0
d -2 -31 0
d -2 -32 0
d -2 -33 0
d -2 -34 0
d -2 -35 0
d -2 -36 0
d -2 -37 0
d -2 -38 0
d -2 -39 0
d -2 -40 0
d -2 -45 0
d -2 -46 0
d -2 -47 0
d -2 -48 0
d -2 -49 0
d -2 -50 0
d -2 -51 0
d -2 -52 0
d -2 -53 0
d -2 -54 0
d -2 -59 0
d -2 -60 0
d -2 -61 0
d -2 -62 0
d -2 -63 0
d -2 -64 0
d -2 -65 0
d -2 -66 0
d -2 -67 0
d -2 -68 0
d -3 -4 0
d -3 -5 0
d -3 -6 0
d -3 -7 0
d -3 -8 0
d -3 -9 0
d -3 -10 0
d -3 -11 0
d -3 -12 0
d -3 -14 0
d -3 -17 0
d -3 -31 0
d -3 -45 0
d -3 -59 0
d -3 -15 0
d -3 -16 0
d -3 -19 0
d -3 -20 0
d -3 -21 0
d -3 -22 0
d -3 -23 0
d -3 -24 0
d -3 -25 0
d -3 -26 0
d -3 -29 0
d -3 -30 0
d -3 -33 0
d -3 -34 0
d -3 -35 0
d -3 -36 0
d -3 -37 0
d -3 -38 0
d -3 -39 0
d -3 -40 0
d -3 -43 0
d -3 -44 0
d -3 -47 0
d -3 -48 0
d -3 -49 0
d -3 -50 0
d -3 -51 0
d -3 -52 0
d -3 -53 0
d -3 -54 0
d -3 -57 0
d -3 -58 0
d -3 -61 0
d -3 -62 0
d -3 -63 0
d -3 -64 0
d -3 -65 0
d -3 -66 0
d -3 -67 0
d -3 -68 0
d -4 -5 0
d -4 -6 0
d -4 -7 0
d -4 -8 0
d -4 -9 0
d -4 -10 0
d -4 -11 0
d -4 -12 0
d -4 -14 0
d -4 -18 0
d -4 -32 0
d -4 -46 0
d -4 -60 0
d -4 -15 0
d -4 -16 0
d -4 -19 0
d -4 -20 0
d -4 -21 0
d -4 -22 0
d -4 -23 0
d -4 -24 0
d -4 -25 0
d -4 -26 0
d -4 -29 0
d -4 -30 0
d -4 -33 0
d -4 -34 0
d -4 -35 0
d -4 -36 0
d -4 -37 0
d -4 -38 0
d -4 -39 0
d -4 -40 0
d -4 -43 0
d -4 -44 0
d -4 -47 0
d -4 -48 0
d -4 -49 0
d -4 -50 0
d -4 -51 0
d -4 -52 0
d -4 -53 0
d -4 -54 0
d -4 -57 0
d -4 -58 0
d -4 -61 0
d -4 -62 0
d -4 -63 0
d -4 -64 0
d -4 -65 0
d -4 -66 0
d -4 -67 0
d -4 -68 0
d -5 -6 0
d -5 -7 0
d -5 -8 0
d -5 -9 0
d -5 -10 0
d -5 -11 0
d -5 -12 0
d -5 -14 0
d -5 -19 0
d -5 -33 0
d -5 -47 0
d -5 -61 0
d -5 -15 0
d -5 -16 0
d -5 -17 0
d -5 -18 0
d -5 -21 0
d -5 -22 0
d -5 -23 0
d -5 -24 0
d -5 -25 0
d -5 -26 0
d -5 -29 0
d -5 -30 0
d -5 -31 0
d -5 -32 0
d -5 -35 0
d -5 -36 0
d -5 -37 0
d -5 -38 0
d -5 -39 0
d -5 -40 0
d -5 -43 0
d -5 -44 0
d -5 -45 0
d -5 -46 0
d -5 -49 0
d -5 -50 0
d -5 -51 0
d -5 -52 0
d -5 -53 0
d -5 -54 0
d -5 -57 0
d -5 -58 0
d -5 -59 0
d -5 -60 0
d -5 -63 0
d -5 -64 0
d -5 -65 0
d -5 -66 0
d -5 -67 0
d -5 -68 0
d -6 -7 0
d -6 -8 0
d -6 -9 0
d -6 -10 0
d -6 -11 0
d -6 -12 0
d -6 -14 0
d -6 -20 0
d -6 -34 0
d -6 -48 0
d -6 -62 0
d -6 -15 0
d -6 -16 0
d -6 -17 0
d -6 -18 0
d -6 -21 0
d -6 -22 0
d -6 -23 0
d -6 -24 0
d -6 -25 0
d -6 -26 0
d -6 -29 0
d -6 -30 0
d -6 -31 0
d -6 -32 0
d -6 -35 0
d -6 -36 0
d -6 -37 0
d -6 -38 0
d -6 -39 0
d -6 -40 0
d -6 -43 0
d -6 -44 0
d -6 -45 0
d -6 -46 0
d -6 -49 0
d -6 -50 0
d -6 -51 0
d -6 -52 0
d -6 -53 0
d -6 -54 0
d -6 -57 0
d -6 -58 0
d -6 -59 0
d -6 -60 0
d -6 -63 0
d -6 -64 0
d -6 -65 0
d -6 -66 0
d -6 -67 0
d -6 -68 0
d -7 -8 0
d -7 -9 0
d -7 -10 0
d -7 -11 0
d -7 -12 0
d -7 -14 0
d -7 -21 0
d -7 -35 0
d -7 -49 0
d -7 -63 0
d -7 -15 0
d -7 -16 0
d -7 -17 0
d -7 -18 0
d -7 -19 0
d -7 -20 0
d -7 -23 0
d -7 -24 0
d -7 -25 0
d -7 -26 0
d -7 -29 0
d -7 -30 0
d -7 -31 0
d -7 -32 0
d -7 -33 0
d -7 -34 0
d -7 -37 0
d -7 -38 0
d -7 -39 0
d -7 -40 0
d -7 -43 0
d -7 -44 0
d -7 -45 0
d -7 -46 0
d -7 -47 0
d -7 -48 0
d -7 -51 0
d -7 -52 0
d -7 -53 0
d -7 -54 0
d -7 -57 0
d -7 -58 0
d -7 -59 0
d -7 -60 0
d -7 -61 0
d -7 -62 0
d -7 -65 0
d -7 -66 0
d -7 -67 0
d -7 -68 0
d -8 -9 0
d -8 -10 0
d -8 -11 0
d -8 -12 0
d -8 -14 0
d -8 -22 0
d -8 -36 0
d -8 -50 0
d -8 -64 0
d -8 -15 0
d -8 -16 0
d -8 -17 0
d -8 -18 0
d -8 -19 0
d -8 -20 0
d -8 -23 0
d -8 -24 0
d -8 -25 0
d -8 -26 0
d -8 -29 0
d -8 -30 0
d -8 -31 0
d -8 -32 0
d -8 -33 0
d -8 -34 0
d -8 -37 0
d -8 -38 0
d -8 -39 0
d -8 -40 0
d -8 -43 0
d -8 -44 0
d -8 -45 0
d -8 -46 0
d -8 -47 0
d -8 -48 0
d -8 -51 0
d -8 -52 0
d -8 -53 0
d -8 -54 0
d -8 -57 0
d -8 -58 0
d -8 -59 0
d -8 -60 0
d -8 -61 0
d -8 -62 0
d -8 -65 0
d -8 -66 0
d -8 -67 0
d -8 -68 0
d -9 -10 0
d -9 -11 0
d -9 -12 0
d -9 -14 0
d -9 -23 0
d -9 -37 0
d -9 -51 0
d -9 -65 0
d -9 -15 0
d -9 -16 0
d -9 -17 0
d -9 -18 0
d -9 -19 0
d -9 -20 0
d -9 -21 0
d -9 -22 0
d -9 -25 0
d -9 -26 0
d -9 -29 0
d -9 -30 0
d -9 -31 0
d -9 -32 0
d -9 -33 0
d -9 -34 0
d -9 -35 0
d -9 -36 0
d -9 -39 0
d -9 -40 0
d -9 -43 0
d -9 -44 0
d -9 -45 0
d -9 -46 0
d -9 -47 0
d -9 -48 0
d -9 -49 0
d -9 -50 0
d -9 -53 0
d -9 -54 0
d -9 -57 0
d -9 -58 0
d -9 -59 0
d -9 -60 0
d -9 -61 0
d -9 -62 0
d -9 -63 0
d -9 -64 0
d -9 -67 0
d -9 -68 0
d -10 -11 0
d -10 -12 0
d -10 -14 0
d -10 -24 0
d -10 -38 0
d -10 -52 0
d -10 -66 0
d -10 -15 0
d -10 -16 0
d -10 -17 0
d -10 -18 0
d -10 -19 0
d -10 -20 0
d -10 -21 0
d -10 -22 0
d -10 -25 0
d -10 -26 0
d -10 -29 0
d -10 -30 0
d -10 -31 0
d -10 -32 0
d -10 -33 0
d -10 -34 0
d -10 -35 0
d -10 -36 0
d -10 -39 0
d -10 -40 0
d -10 -43 0
d -10 -44 0
d -10 -45 0
d -10 -46 0
d -10 -47 0
d -10 -48 0
d -10 -49 0
d -10 -50 0
d -10 -53 0
d -10 -54 0
d -10 -57 0
d -10 -58 0
d -10 -59 0
d -10 -60 0
d -10 -61 0
d -10 -62 0
d -10 -63 0
d -10 -64 0
d -10 -67 0
d -10 -68 0
d -11 -12 0
d -11 -14 0
d -11 -25 0
d -11 -39 0
d -11 -53 0
d -11 -67 0
d -11 -15 0
d -11 -16 0
d -11 -17 0
d -11 -18 0
d -11 -19 0
d -11 -20 0
d -11 -21 0
d -11 -22 0
d -11 -23 0
d -11 -24 0
d -11 -29 0
d -11 -30 0
d -11 -31 0
d -11 -32 0
d -11 -33 0
d -11 -34 0
d -11 -35 0
d -11 -36 0
d -11 -37 0
d -11 -38 0
d -11 -43 0
d -11 -44 0
d -11 -45 0
d -11 -46 0
d -11 -47 0
d -11 -48 0
d -11 -49 0
d -11 -50 0
d -11 -51 0
d -11 -52 0
d -11 -57 0
d -11 -58 0
d -11 -59 0
d -11 -60 0
d -11 -61 0
d -11 -62 0
d -11 -63 0
d -11 -64 0
d -11 -65 0
d -11 -66 0
d -12 -14 0
d -12 -26 0
d -12 -40 0
d -12 -54 0
d -12 -68 0
d -12 -15 0
d -12 -16 0
d -12 -17 0
d -12 -18 0
d -12 -19 0
d -12 -20 0
d -12 -21 0
d -12 -22 0
d -12 -23 0
d -12 -24 0
d -12 -29 0
d -12 -30 0
d -12 -31 0
d -12 -32 0
d -12 -33 0
d -12 -34 0
d -12 -35 0
d -12 -36 0
d -12 -37 0
d -12 -38 0
d -12 -43 0
d -12 -44 0
d -12 -45 0
d -12 -46 0
d -12 -47 0
d -12 -48 0
d -12 -49 0
d -12 -50 0
d -12 -51 0
d -12 -52 0
d -12 -57 0
d -12 -58 0
d -12 -59 0
d -12 -60 0
d -12 -61 0
d -12 -62 0
d -12 -63 0
d -12 -64 0
d -12 -65 0
d -12 -66 0
d -14 -28 0
d -14 -42 0
d -14 -56 0
d -14 -70 0
15 16 17 18 19 20 21 22 23 24 25 26 28 0
d 15 16 17 18 19 20 21 22 23 24 25 26 27 28 0
d -15 -27 0
d -16 -27 0
d -17 -27 0
d -18 -27 0
d -19 -27 0
d -20 -27 0
d -21 -27 0
d -22 -27 0
d -23 -27 0
d -24 -27 0
d -25 -27 0
d -26 -27 0
d -27 -28 0
d -27 -41 0
d -27 -55 0
d -27 -69 0
29 30 31 32 33 34 35 36 37 38 39 40 42 0
d 29 30 31 32 33 34 35 36 37 38 39 40 41 42 0
d -29 -41 0
d -30 -41 0
d -31 -41 0
d -32 -41 0
d -33 -41 0
d -34 -41 0
d -35 -41 0
d -36 -41 0
d -37 -41 0
d -38 -41 0
d -39 -41 0
d -40 -41 0
d -41 -42 0
d -41 -55 0
d -41 -69 0
43 44 45 46 47 48 49 50 51 52 53 54 56 0
d 43 44 45 46 47 48 49 50 51 52 53 54 55 56 0
d -43 -55 0
d -44 -55 0
d -45 -55 0
d -46 -55 0
d -47 -55 0
d -48 -55 0
d -49 -55 0
d -50 -55 0
d -51 -55 0
d -52 -55 0
d -53 -55 0
d -54 -55 0
d -55 -56 0
d -55 -69 0
57 58 59 60 61 62 63 64 65 66 67 68 70 0
d 57 58 59 60 61 62 63 64 65 66 67 68 69 70 0
d -57 -69 0
d -58 -69 0
d -59 -69 0
d -60 -69 0
d -61 -69 0
d -62 -69 0
d -63 -69 0
d -64 -69 0
d -65 -69 0
d -66 -69 0
d -67 -69 0
d -68 -69 0
d -69 -70 0
-28 29 30 31 32 33 34 35 36 37 38 39 40 0
29 30 31 32 33 34 35 36 37 38 39 40 -56 0
29 30 31 32 33 34 35 36 37 38 39 40 -70 0
d 29 30 31 32 33 34 35 36 37 38 39 40 42 0
d -29 -42 0
d -30 -42 0
d -31 -42 0
d -32 -42 0
d -33 -42 0
d -34 -42 0
d -35 -42 0
d -36 -42 0
d -37 -42 0
d -38 -42 0
d -39 -42 0
d -40 -42 0
d -28 -42 0
d -42 -56 0
d -42 -70 0
-22 43 44 45 46 47 48 49 51 52 53 54 56 0
-36 43 44 45 46 47 48 49 51 52 53 54 56 0
43 44 45 46 47 48 49 51 52 53 54 56 -64 0
-15 43 44 45 46 47 48 49 51 52 53 54 56 0
-16 43 44 45 46 47 48 49 51 52 53 54 56 0
-17 43 44 45 46 47 48 49 51 52 53 54 56 0
-18 43 44 45 46 47 48 49 51 52 53 54 56 0
-19 43 44 45 46 47 48 49 51 52 53 54 56 0
-20 43 44 45 46 47 48 49 51 52 53 54 56 0
-23 43 44 45 46 47 48 49 51 52 53 54 56 0
-24 43 44 45 46 47 48 49 51 52 53 54 56 0
-25 43 44 45 46 47 48 49 51 52 53 54 56 0
-26 43 44 45 46 47 48 49 51 52 53 54 56 0
-29 43 44 45 46 47 48 49 51 52 53 54 56 0
-30 43 44 45 46 47 48 49 51 52 53 54 56 0
-31 43 44 45 46 47 48 49 51 52 53 54 56 0
-32 43 44 45 46 47 48 49 51 52 53 54 56 0
-33 43 44 45 46 47 48 49 51 52 53 54 56 0
-34 43 44 45 46 47 48 49 51 52 53 54 56 0
-37 43 44 45 46 47 48 49 51 52 53 54 56 0
-38 43 44 45 46 47 48 49 51 52 53 54 56 0
-39 43 44 45 46 47 48 49 51 52 53 54 56 0
-40 43 44 45 46 47 48 49 51 52 53 54 56 0
43 44 45 46 47 48 49 51 52 53 54 56 -57 0
43 44 45 46 47 48 49 51 52 53 54 56 -58 0
43 44 45 46 47 48 49 51 52 53 54 56 -59 0
43 44 45 46 47 48 49 51 52 53 54 56 -60 0
43 44 45 46 47 48 49 51 52 53 54 56 -61 0
43 44 45 46 47 48 49 51 52 53 54 56 -62 0
43 44 45 46 47 48 49 51 52 53 54 56 -65 0
43 44 45 46 47 48 49 51 52 53 54 56 -66 0
43 44 45 46 47 48 49 51 52 53 54 56 -67 0
43 44 45 46 47 48 49 51 52 53 54 56 -68 0
d 43 44 45 46 47 48 49 50 51 52 53 54 56 0
d -43 -50 0
d -44 -50 0
d -45 -50 0
d -46 -50 0
d -47 -50 0
d -48 -50 0
d -49 -50 0
d -50 -51 0
d -50 -52 0
d -50 -53 0
d -50 -54 0
d -50 -56 0
d -22 -50 0
d -36 -50 0
d -50 -64 0
d -15 -50 0
d -16 -50 0
d -17 -50 0
d -18 -50 0
d -19 -50 0
d -20 -50 0
d -23 -50 0
d -24 -50 0
d -25 -50 0
d -26 -50 0
d -29 -50 0
d -30 -50 0
d -31 -50 0
d -32 -50 0
d -33 -50 0
d -34 -50 0
d -37 -50 0
d -38 -50 0
d -39 -50 0
d -40 -50 0
d -50 -57 0
d -50 -58 0
d -50 -59 0
d -50 -60 0
d -50 -61 0
d -50 -62 0
d -50 -65 0
d -50 -66 0
d -50 -67 0
d -50 -68 0
15 16 17 18 19 20 22 23 24 25 26 28 -35 0
15 16 17 18 19 20 22 23 24 25 26 28 -49 0
15 16 17 18 19 20 22 23 24 25 26 28 -63 0
15 16 17 18 19 20 22 23 24 25 26 28 -29 0
15 16 17 18 19 20 22 23 24 25 26 28 -30 0
15 16 17 18 19 20 22 23 24 25 26 28 -31 0
15 16 17 18 19 20 22 23 24 25 26 28 -32 0
15 16 17 18 19 20 22 23 24 25 26 28 -33 0
15 16 17 18 19 20 22 23 24 25 26 28 -34 0
15 16 17 18 19 20 22 23 24 25 26 28 -37 0
15 16 17 18 19 20 22 23 24 25 26 28 -38 0
15 16 17 18 19 20 22 23 24 25 26 28 -39 0
15 16 17 18 19 20 22 23 24 25 26 28 -40 0
15 16 17 18 19 20 22 23 24 25 26 28 -43 0
15 16 17 18 19 20 22 23 24 25 26 28 -44 0
15 16 17 18 19 20 22 23 24 25 26 28 -45 0
15 16 17 18 19 20 22 23 24 25 26 28 -46 0
15 16 17 18 19 20 22 23 24 25 26 28 -47 0
15 16 17 18 19 20 22 23 24 25 26 28 -48 0
15 16 17 18 19 20 22 23 24 25 26 28 -51 0
15 16 17 18 19 20 22 23 24 25 26 28 -52 0
15 16 17 18 19 20 22 23 24 25 26 28 -53 0
15 16 17 18 19 20 22 23 24 25 26 28 -54 0
15 16 17 18 19 20 22 23 24 25 26 28 -57 0
15 16 17 18 19 20 22 23 24 25 26 28 -58 0
15 16 17 18 19 20 22 23 24 25 26 28 -59 0
15 16 17 18 19 20 22 23 24 25 26 28 -60 0
15 16 17 18 19 20 22 23 24 25 26 28 -61 0
15 16 17 18 19 20 22 23 24 25 26 28 -62 0
15 16 17 18 19 20 22 23 24 25 26 28 -65 0
15 16 17 18 19 20 22 23 24 25 26 28 -66 0
15 16 17 18 19 20 22 23 24 25 26 28 -67 0
15 16 17 18 19 20 22 23 24 25 26 28 -68 0
d 15 16 17 18 19 20 21 22 23 24 25 26 28 0
d -15 -21 0
d -16 -21 0
d -17 -21 0
d -18 -21 0
d -19 -21 0
d -20 -21 0
d -21 -22 0
d -21 -23 0
d -21 -24 0
d -21 -25 0
d -21 -26 0
d -21 -28 0
d -21 -35 0
d -21 -49 0
d -21 -63 0
d -21 -29 0
d -21 -30 0
d -21 -31 0
d -21 -32 0
d -21 -33 0
d -21 -34 0
d -21 -37 0
d -21 -38 0
d -21 -39 0
d -21 -40 0
d -21 -43 0
d -21 -44 0
d -21 -45 0
d -21 -46 0
d -21 -47 0
d -21 -48 0
d -21 -51 0
d -21 -52 0
d -21 -53 0
d -21 -54 0
d -21 -57 0
d -21 -58 0
d -21 -59 0
d -21 -60 0
d -21 -61 0
d -21 -62 0
d -21 -65 0
d -21 -66 0
d -21 -67 0
d -21 -68 0
16 17 18 19 20 22 23 24 25 26 28 -29 0
d 15 16 17 18 19 20 22 23 24 25 26 28 -29 0
-15 44 45 46 47 48 49 51 52 53 54 56 0
d -15 43 44 45 46 47 48 49 51 52 53 54 56 0
16 17 18 19 20 22 23 24 25 26 28 -43 0
d 15 16 17 18 19 20 22 23 24 25 26 28 -43 0
16 17 18 19 20 22 23 24 25 26 28 -57 0
d 15 16 17 18 19 20 22 23 24 25 26 28 -57 0
16 17 18 19 20 22 23 24 25 26 28 -31 0
d 15 16 17 18 19 20 22 23 24 25 26 28 -31 0
16 17 18 19 20 22 23 24 25 26 28 -32 0
d 15 16 17 18 19 20 22 23 24 25 26 28 -32 0
16 17 18 19 20 22 23 24 25 26 28 -33 0
d 15 16 17 18 19 20 22 23 24 25 26 28 -33 0
16 17 18 19 20 22 23 24 25 26 28 -34 0
d 15 16 17 18 19 20 22 23 24 25 26 28 -34 0
16 17 18 19 20 22 23 24 25 26 28 -35 0
d 15 16 17 18 19 20 22 23 24 25 26 28 -35 0
16 17 18 19 20 22 23 24 25 26 28 -37 0
d 15 16 17 18 19 20 22 23 24 25 26 28 -37 0
16 17 18 19 20 22 23 24 25 26 28 -38 0
d 15 16 17 18 19 20 22 23 24 25 26 28 -38 0
16 17 18 19 20 22 23 24 25 26 28 -39 0
d 15 16 17 18 19 20 22 23 24 25 26 28 -39 0
16 17 18 19 20 22 23 24 25 26 28 -40 0
d 15 16 17 18 19 20 22 23 24 25 26 28 -40 0
-15 44 46 47 48 49 51 52 53 54 56 0
d -15 44 45 46 47 48 49 51 52 53 54 56 0
16 17 18 19 20 22 23 24 25 26 28 -45 0
d 15 16 17 18 19 20 22 23 24 25 26 28 -45 0
-15 44 47 48 49 51 52 53 54 56 0
d -15 44 46 47 48 49 51 52 53 54 56 0
16 17 18 19 20 22 23 24 25 26 28 -46 0
d 15 16 17 18 19 20 22 23 24 25 26 28 -46 0
-15 44 48 49 51 52 53 54 56 0
d -15 44 47 48 49 51 52 53 54 56 0
16 17 18 19 20 22 23 24 25 26 28 -47 0
d 15 16 17 18 19 20 22 23 24 25 26 28 -47 0
-15 44 49 51 52 53 54 56 0
d -15 44 48 49 51 52 53 54 56 0
16 17 18 19 20 22 23 24 25 26 28 -48 0
d 15 16 17 18 19 20 22 23 24 25 26 28 -48 0
-15 44 51 52 53 54 56 0
d -15 44 49 51 52 53 54 56 0
16 17 18 19 20 22 23 24 25 26 28 -49 0
d 15 16 17 18 19 20 22 23 24 25 26 28 -49 0
-15 44 52 53 54 56 0
d -15 44 51 52 53 54 56 0
16 17 18 19 20 22 23 24 25 26 28 -51 0
d 15 16 17 18 19 20 22 23 24 25 26 28 -51 0
-15 44 53 54 56 0
d -15 44 52 53 54 56 0
16 17 18 19 20 22 23 24 25 26 28 -52 0
d 15 16 17 18 19 20 22 23 24 25 26 28 -52 0
-15 44 54 56 0
d -15 44 53 54 56 0
16 17 18 19 20 22 23 24 25 26 28 -53 0
d 15 16 17 18 19 20 22 23 24 25 26 28 -53 0
-15 44 56 0
d -15 44 54 56 0
16 17 18 19 20 22 23 24 25 26 28 -54 0
d 15 16 17 18 19 20 22 23 24 25 26 28 -54 0
16 17 18 19 20 22 23 24 25 26 28 -59 0
d 15 16 17 18 19 20 22 23 24 25 26 28 -59 0
16 17 18 19 20 22 23 24 25 26 28 -60 0
d 15 16 17 18 19 20 22 23 24 25 26 28 -60 0
16 17 18 19 20 22 23 24 25 26 28 -61 0
d 15 16 17 18 19 20 22 23 24 25 26 28 -61 0
16 17 18 19 20 22 23 24 25 26 28 -62 0
d 15 16 17 18 19 20 22 23 24 25 26 28 -62 0
16 17 18 19 20 22 23 24 25 26 28 -63 0
d 15 16 17 18 19 20 22 23 24 25 26 28 -63 0
16 17 18 19 20 22 23 24 25 26 28 -65 0
d 15 16 17 18 19 20 22 23 24 25 26 28 -65 0
16 17 18 19 20 22 23 24 25 26 28 -66 0
d 15 16 17 18 19 20 22 23 24 25 26 28 -66 0
16 17 18 19 20 22 23 24 25 26 28 -67 0
d 15 16 17 18 19 20 22 23 24 25 26 28 -67 0
16 17 18 19 20 22 23 24 25 26 28 -68 0
d 15 16 17 18 19 20 22 23 24 25 26 28 -68 0
15 17 18 19 20 22 23 24 25 26 28 -30 0
d 15 16 17 18 19 20 22 23 24 25 26 28 -30 0
-16 43 45 46 47 48 49 51 52 53 54 56 0
d -16 43 44 45 46 47 48 49 51 52 53 54 56 0
15 17 18 19 20 22 23 24 25 26 28 -44 0
d 15 16 17 18 19 20 22 23 24 25 26 28 -44 0
15 17 18 19 20 22 23 24 25 26 28 -58 0
d 15 16 17 18 19 20 22 23 24 25 26 28 -58 0
17 18 19 20 22 23 24 25 26 28 -31 0
d 16 17 18 19 20 22 23 24 25 26 28 -31 0
17 18 19 20 22 23 24 25 26 28 -32 0
d 16 17 18 19 20 22 23 24 25 26 28 -32 0
17 18 19 20 22 23 24 25 26 28 -33 0
d 16 17 18 19 20 22 23 24 25 26 28 -33 0
17 18 19 20 22 23 24 25 26 28 -34 0
d 16 17 18 19 20 22 23 24 25 26 28 -34 0
17 18 19 20 22 23 24 25 26 28 -35 0
d 16 17 18 19 20 22 23 24 25 26 28 -35 0
17 18 19 20 22 23 24 25 26 28 -37 0
d 16 17 18 19 20 22 23 24 25 26 28 -37 0
17 18 19 20 22 23 24 25 26 28 -38 0
d 16 17 18 19 20 22 23 24 25 26 28 -38 0
17 18 19 20 22 23 24 25 26 28 -39 0
d 16 17 18 19 20 22 23 24 25 26 28 -39 0
17 18 19 20 22 23 24 25 26 28 -40 0
d 16 17 18 19 20 22 23 24 25 26 28 -40 0
-16 43 46 47 48 49 51 52 53 54 56 0
d -16 43 45 46 47 48 49 51 52 53 54 56 0
17 18 19 20 22 23 24 25 26 28 -45 0
d 16 17 18 19 20 22 23 24 25 26 28 -45 0
-16 43 47 48 49 51 52 53 54 56 0
d -16 43 46 47 48 49 51 52 53 54 56 0
17 18 19 20 22 23 24 25 26 28 -46 0
d 16 17 18 19 20 22 23 24 25 26 28 -46 0
-16 43 48 49 51 52 53 54 56 0
d -16 43 47 48 49 51 52 53 54 56 0
17 18 19 20 22 23 24 25 26 28 -47 0
d 16 17 18 19 20 22 23 24 25 26 28 -47 0
-16 43 49 51 52 53 54 56 0
d -16 43 48 49 51 52 53 54 56 0
17 18 19 20 22 23 24 25 26 28 -48 0
d 16 17 18 19 20 22 23 24 25 26 28 -48 0
-16 43 51 52 53 54 56 0
d -16 43 49 51 52 53 54 56 0
17 18 19 20 22 23 24 25 26 28 -49 0
d 16 17 18 19 20 22 23 24 25 26 28 -49 0
-16 43 52 53 54 56 0
d -16 43 51 52 53 54 56 0
17 18 19 20 22 23 24 25 26 28 -51 0
d 16 17 18 19 20 22 23 24 25 26 28 -51 0
-16 43 53 54 56 0
d -16 43 52 53 54 56 0
17 18 19 20 22 23 24 25 26 28 -52 0
d 16 17 18 19 20 22 23 24 25 26 28 -52 0
-16 43 54 56 0
d -16 43 53 54 56 0
17 18 19 20 22 23 24 25 26 28 -53 0
d 16 17 18 19 20 22 23 24 25 26 28 -53 0
-16 43 56 0
d -16 43 54 56 0
17 18 19 20 22 23 24 25 26 28 -54 0
d 16 17 18 19 20 22 23 24 25 26 28 -54 0
17 18 19 20 22 23 24 25 26 28 -59 0
d 16 17 18 19 20 22 23 24 25 26 28 -59 0
17 18 19 20 22 23 24 25 26 28 -60 0
d 16 17 18 19 20 22 23 24 25 26 28 -60 0
17 18 19 20 22 23 24 25 26 28 -61 0
d 16 17 18 19 20 22 23 24 25 26 28 -61 0
17 18 19 20 22 23 24 25 26 28 -62 0
d 16 17 18 19 20 22 23 24 25 26 28 -62 0
17 18 19 20 22 23 24 25 26 28 -63 0
d 16 17 18 19 20 22 23 24 25 26 28 -63 0
17 18 19 20 22 23 24 25 26 28 -65 0
d 16 17 18 19 20 22 23 24 25 26 28 -65 0
17 18 19 20 22 23 24 25 26 28 -66 0
d 16 17 18 19 20 22 23 24 25 26 28 -66 0
17 18 19 20 22 23 24 25 26 28 -67 0
d 16 17 18 19 20 22 23 24 25 26 28 -67 0
17 18 19 20 22 23 24 25 26 28 -68 0
d 16 17 18 19 20 22 23 24 25 26 28 -68 0
18 19 20 22 23 24 25 26 28 -31 0
d 17 18 19 20 22 23 24 25 26 28 -31 0
-17 43 44 46 47 48 49 51 52 53 54 56 0
d -17 43 44 45 46 47 48 49 51 52 53 54 56 0
18 19 20 22 23 24 25 26 28 -45 0
d 17 18 19 20 22 23 24 25 26 28 -45 0
18 19 20 22 23 24 25 26 28 -59 0
d 17 18 19 20 22 23 24 25 26 28 -59 0
16 18 19 20 22 23 24 25 26 28 -29 0
d 16 17 18 19 20 22 23 24 25 26 28 -29 0
15 18 19 20 22 23 24 25 26 28 -30 0
d 15 17 18 19 20 22 23 24 25 26 28 -30 0
18 19 20 22 23 24 25 26 28 -33 0
d 17 18 19 20 22 23 24 25 26 28 -33 0
18 19 20 22 23 24 25 26 28 -34 0
d 17 18 19 20 22 23 24 25 26 28 -34 0
18 19 20 22 23 24 25 26 28 -35 0
d 17 18 19 20 22 23 24 25 26 28 -35 0
18 19 20 22 23 24 25 26 28 -37 0
d 17 18 19 20 22 23 24 25 26 28 -37 0
18 19 20 22 23 24 25 26 28 -38 0
d 17 18 19 20 22 23 24 25 26 28 -38 0
18 19 20 22 23 24 25 26 28 -39 0
d 17 18 19 20 22 23 24 25 26 28 -39 0
18 19 20 22 23 24 25 26 28 -40 0
d 17 18 19 20 22 23 24 25 26 28 -40 0
-17 44 46 47 48 49 51 52 53 54 56 0
d -17 43 44 46 47 48 49 51 52 53 54 56 0
16 18 19 20 22 23 24 25 26 28 -43 0
d 16 17 18 19 20 22 23 24 25 26 28 -43 0
-17 46 47 48 49 51 52 53 54 56 0
d -17 44 46 47 48 49 51 52 53 54 56 0
15 18 19 20 22 23 24 25 26 28 -44 0
d 15 17 18 19 20 22 23 24 25 26 28 -44 0
-17 46 48 49 51 52 53 54 56 0
d -17 46 47 48 49 51 52 53 54 56 0
18 19 20 22 23 24 25 26 28 -47 0
d 17 18 19 20 22 23 24 25 26 28 -47 0
-17 46 49 51 52 53 54 56 0
d -17 46 48 49 51 52 53 54 56 0
18 19 20 22 23 24 25 26 28 -48 0
d 17 18 19 20 22 23 24 25 26 28 -48 0
-17 46 51 52 53 54 56 0
d -17 46 49 51 52 53 54 56 0
18 19 20 22 23 24 25 26 28 -49 0
d 17 18 19 20 22 23 24 25 26 28 -49 0
-17 46 52 53 54 56 0
d -17 46 51 52 53 54 56 0
18 19 20 22 23 24 25 26 28 -51 0
d 17 18 19 20 22 23 24 25 26 28 -51 0
-17 46 53 54 56 0
d -17 46 52 53 54 56 0
18 19 20 22 23 24 25 26 28 -52 0
d 17 18 19 20 22 23 24 25 26 28 -52 0
-17 46 54 56 0
d -17 46 53 54 56 0
18 19 20 22 23 24 25 26 28 -53 0
d 17 18 19 20 22 23 24 25 26 28 -53 0
-17 46 56 0
d -17 46 54 56 0
18 19 20 22 23 24 25 26 28 -54 0
d 17 18 19 20 22 23 24 25 26 28 -54 0
16 18 19 20 22 23 24 25 26 28 -57 0
d 16 17 18 19 20 22 23 24 25 26 28 -57 0
15 18 19 20 22 23 24 25 26 28 -58 0
d 15 17 18 19 20 22 23 24 25 26 28 -58 0
18 19 20 22 23 24 25 26 28 -61 0
d 17 18 19 20 22 23 24 25 26 28 -61 0
18 19 20 22 23 24 25 26 28 -62 0
d 17 18 19 20 22 23 24 25 26 28 -62 0
18 19 20 22 23 24 25 26 28 -63 0
d 17 18 19 20 22 23 24 25 26 28 -63 0
18 19 20 22 23 24 25 26 28 -65 0
d 17 18 19 20 22 23 24 25 26 28 -65 0
18 19 20 22 23 24 25 26 28 -66 0
d 17 18 19 20 22 23 24 25 26 28 -66 0
18 19 20 22 23 24 25 26 28 -67 0
d 17 18 19 20 22 23 24 25 26 28 -67 0
18 19 20 22 23 24 25 26 28 -68 0
d 17 18 19 20 22 23 24 25 26 28 -68 0
17 19 20 22 23 24 25 26 28 -32 0
d 17 18 19 20 22 23 24 25 26 28 -32 0
-18 43 44 45 47 48 49 51 52 53 54 56 0
d -18 43 44 45 46 47 48 49 51 52 53 54 56 0
17 19 20 22 23 24 25 26 28 -46 0
d 17 18 19 20 22 23 24 25 26 28 -46 0
17 19 20 22 23 24 25 26 28 -60 0
d 17 18 19 20 22 23 24 25 26 28 -60 0
16 19 20 22 23 24 25 26 28 -29 0
d 16 18 19 20 22 23 24 25 26 28 -29 0
15 19 20 22 23 24 25 26 28 -30 0
d 15 18 19 20 22 23 24 25 26 28 -30 0
19 20 22 23 24 25 26 28 -33 0
d 18 19 20 22 23 24 25 26 28 -33 0
19 20 22 23 24 25 26 28 -34 0
d 18 19 20 22 23 24 25 26 28 -34 0
19 20 22 23 24 25 26 28 -35 0
d 18 19 20 22 23 24 25 26 28 -35 0
19 20 22 23 24 25 26 28 -37 0
d 18 19 20 22 23 24 25 26 28 -37 0
19 20 22 23 24 25 26 28 -38 0
d 18 19 20 22 23 24 25 26 28 -38 0
19 20 22 23 24 25 26 28 -39 0
d 18 19 20 22 23 24 25 26 28 -39 0
19 20 22 23 24 25 26 28 -40 0
d 18 19 20 22 23 24 25 26 28 -40 0
-18 44 45 47 48 49 51 52 53 54 56 0
d -18 43 44 45 47 48 49 51 52 53 54 56 0
16 19 20 22 23 24 25 26 28 -43 0
d 16 18 19 20 22 23 24 25 26 28 -43 0
-18 45 47 48 49 51 52 53 54 56 0
d -18 44 45 47 48 49 51 52 53 54 56 0
15 19 20 22 23 24 25 26 28 -44 0
d 15 18 19 20 22 23 24 25 26 28 -44 0
-18 45 48 49 51 52 53 54 56 0
d -18 45 47 48 49 51 52 53 54 56 0
19 20 22 23 24 25 26 28 -47 0
d 18 19 20 22 23 24 25 26 28 -47 0
-18 45 49 51 52 53 54 56 0
d -18 45 48 49 51 52 53 54 56 0
19 20 22 23 24 25 26 28 -48 0
d 18 19 20 22 23 24 25 26 28 -48 0
-18 45 51 52 53 54 56 0
d -18 45 49 51 52 53 54 56 0
19 20 22 23 24 25 26 28 -49 0
d 18 19 20 22 23 24 25 26 28 -49 0
-18 45 52 53 54 56 0
d -18 45 51 52 53 54 56 0
19 20 22 23 24 25 26 28 -51 0
d 18 19 20 22 23 24 25 26 28 -51 0
-18 45 53 54 56 0
d -18 45 52 53 54 56 0
19 20 22 23 24 25 26 28 -52 0
d 18 19 20 22 23 24 25 26 28 -52 0
-18 45 54 56 0
d -18 45 53 54 56 0
19 20 22 23 24 25 26 28 -53 0
d 18 19 20 22 23 24 25 26 28 -53 0
-18 45 56 0
d -18 45 54 56 0
19 20 22 23 24 25 26 28 -54 0
d 18 19 20 22 23 24 25 26 28 -54 0
16 19 20 22 23 24 25 26 28 -57 0
d 16 18 19 20 22 23 24 25 26 28 -57 0
15 19 20 22 23 24 25 26 28 -58 0
d 15 18 19 20 22 23 24 25 26 28 -58 0
19 20 22 23 24 25 26 28 -61 0
d 18 19 20 22 23 24 25 26 28 -61 0
19 20 22 23 24 25 26 28 -62 0
d 18 19 20 22 23 24 25 26 28 -62 0
19 20 22 23 24 25 26 28 -63 0
d 18 19 20 22 23 24 25 26 28 -63 0
19 20 22 23 24 25 26 28 -65 0
d 18 19 20 22 23 24 25 26 28 -65 0
19 20 22 23 24 25 26 28 -66 0
d 18 19 20 22 23 24 25 26 28 -66 0
19 20 22 23 24 25 26 28 -67 0
d 18 19 20 22 23 24 25 26 28 -67 0
19 20 22 23 24 25 26 28 -68 0
d 18 19 20 22 23 24 25 26 28 -68 0
20 22 23 24 25 26 28 -33 0
d 19 20 22 23 24 25 26 28 -33 0
-19 43 44 45 46 48 49 51 52 53 54 56 0
d -19 43 44 45 46 47 48 49 51 52 53 54 56 0
20 22 23 24 25 26 28 -47 0
d 19 20 22 23 24 25 26 28 -47 0
20 22 23 24 25 26 28 -61 0
d 19 20 22 23 24 25 26 28 -61 0
16 20 22 23 24 25 26 28 -29 0
d 16 19 20 22 23 24 25 26 28 -29 0
15 20 22 23 24 25 26 28 -30 0
d 15 19 20 22 23 24 25 26 28 -30 0
18 20 22 23 24 25 26 28 -31 0
d 18 19 20 22 23 24 25 26 28 -31 0
17 20 22 23 24 25 26 28 -32 0
d 17 19 20 22 23 24 25 26 28 -32 0
20 22 23 24 25 26 28 -35 0
d 19 20 22 23 24 25 26 28 -35 0
20 22 23 24 25 26 28 -37 0
d 19 20 22 23 24 25 26 28 -37 0
20 22 23 24 25 26 28 -38 0
d 19 20 22 23 24 25 26 28 -38 0
20 22 23 24 25 26 28 -39 0
d 19 20 22 23 24 25 26 28 -39 0
20 22 23 24 25 26 28 -40 0
d 19 20 22 23 24 25 26 28 -40 0
-19 44 45 46 48 49 51 52 53 54 56 0
d -19 43 44 45 46 48 49 51 52 53 54 56 0
16 20 22 23 24 25 26 28 -43 0
d 16 19 20 22 23 24 25 26 28 -43 0
-19 45 46 48 49 51 52 53 54 56 0
d -19 44 45 46 48 49 51 52 53 54 56 0
15 20 22 23 24 25 26 28 -44 0
d 15 19 20 22 23 24 25 26 28 -44 0
-19 46 48 49 51 52 53 54 56 0
d -19 45 46 48 49 51 52 53 54 56 0
18 20 22 23 24 25 26 28 -45 0
d 18 19 20 22 23 24 25 26 28 -45 0
-19 48 49 51 52 53 54 56 0
d -19 46 48 49 51 52 53 54 56 0
17 20 22 23 24 25 26 28 -46 0
d 17 19 20 22 23 24 25 26 28 -46 0
-19 48 51 52 53 54 56 0
d -19 48 49 51 52 53 54 56 0
20 22 23 24 25 26 28 -49 0
d 19 20 22 23 24 25 26 28 -49 0
-19 48 52 53 54 56 0
d -19 48 51 52 53 54 56 0
20 22 23 24 25 26 28 -51 0
d 19 20 22 23 24 25 26 28 -51 0
-19 48 53 54 56 0
d -19 48 52 53 54 56 0
20 22 23 24 25 26 28 -52 0
d 19 20 22 23 24 25 26 28 -52 0
-19 48 54 56 0
d -19 48 53 54 56 0
20 22 23 24 25 26 28 -53 0
d 19 20 22 23 24 25 26 28 -53 0
-19 48 56 0
d -19 48 54 56 0
20 22 23 24 25 26 28 -54 0
d 19 20 22 23 24 25 26 28 -54 0
16 20 22 23 24 25 26 28 -57 0
d 16 19 20 22 23 24 25 26 28 -57 0
15 20 22 23 24 25 26 28 -58 0
d 15 19 20 22 23 24 25 26 28 -58 0
18 20 22 23 24 25 26 28 -59 0
d 18 19 20 22 23 24 25 26 28 -59 0
17 20 22 23 24 25 26 28 -60 0
d 17 19 20 22 23 24 25 26 28 -60 0
20 22 23 24 25 26 28 -63 0
d 19 20 22 23 24 25 26 28 -63 0
20 22 23 24 25 26 28 -65 0
d 19 20 22 23 24 25 26 28 -65 0
20 22 23 24 25 26 28 -66 0
d 19 20 22 23 24 25 26 28 -66 0
20 22 23 24 25 26 28 -67 0
d 19 20 22 23 24 25 26 28 -67 0
20 22 23 24 25 26 28 -68 0
d 19 20 22 23 24 25 26 28 -68 0
19 22 23 24 25 26 28 -34 0
d 19 20 22 23 24 25 26 28 -34 0
-20 43 44 45 46 47 49 51 52 53 54 56 0
d -20 43 44 45 46 47 48 49 51 52 53 54 56 0
19 22 23 24 25 26 28 -48 0
d 19 20 22 23 24 25 26 28 -48 0
19 22 23 24 25 26 28 -62 0
d 19 20 22 23 24 25 26 28 -62 0
16 22 23 24 25 26 28 -29 0
d 16 20 22 23 24 25 26 28 -29 0
15 22 23 24 25 26 28 -30 0
d 15 20 22 23 24 25 26 28 -30 0
18 22 23 24 25 26 28 -31 0
d 18 20 22 23 24 25 26 28 -31 0
17 22 23 24 25 26 28 -32 0
d 17 20 22 23 24 25 26 28 -32 0
22 23 24 25 26 28 -35 0
d 20 22 23 24 25 26 28 -35 0
22 23 24 25 26 28 -37 0
d 20 22 23 24 25 26 28 -37 0
22 23 24 25 26 28 -38 0
d 20 22 23 24 25 26 28 -38 0
22 23 24 25 26 28 -39 0
d 20 22 23 24 25 26 28 -39 0
22 23 24 25 26 28 -40 0
d 20 22 23 24 25 26 28 -40 0
-20 44 45 46 47 49 51 52 53 54 56 0
d -20 43 44 45 46 47 49 51 52 53 54 56 0
16 22 23 24 25 26 28 -43 0
d 16 20 22 23 24 25 26 28 -43 0
-20 45 46 47 49 51 52 53 54 56 0
d -20 44 45 46 47 49 51 52 53 54 56 0
15 22 23 24 25 26 28 -44 0
d 15 20 22 23 24 25 26 28 -44 0
-20 46 47 49 51 52 53 54 56 0
d -20 45 46 47 49 51 52 53 54 56 0
18 22 23 24 25 26 28 -45 0
d 18 20 22 23 24 25 26 28 -45 0
-20 47 49 51 52 53 54 56 0
d -20 46 47 49 51 52 53 54 56 0
17 22 23 24 25 26 28 -46 0
d 17 20 22 23 24 25 26 28 -46 0
-20 47 51 52 53 54 56 0
d -20 47 49 51 52 53 54 56 0
22 23 24 25 26 28 -49 0
d 20 22 23 24 25 26 28 -49 0
-20 47 52 53 54 56 0
d -20 47 51 52 53 54 56 0
22 23 24 25 26 28 -51 0
d 20 22 23 24 25 26 28 -51 0
-20 47 53 54 56 0
d -20 47 52 53 54 56 0
22 23 24 25 26 28 -52 0
d 20 22 23 24 25 26 28 -52 0
-20 47 54 56 0
d -20 47 53 54 56 0
22 23 24 25 26 28 -53 0
d 20 22 23 24 25 26 28 -53 0
-20 47 56 0
d -20 47 54 56 0
22 23 24 25 26 28 -54 0
d 20 22 23 24 25 26 28 -54 0
16 22 23 24 25 26 28 -57 0
d 16 20 22 23 24 25 26 28 -57 0
15 22 23 24 25 26 28 -58 0
d 15 20 22 23 24 25 26 28 -58 0
18 22 23 24 25 26 28 -59 0
d 18 20 22 23 24 25 26 28 -59 0
17 22 23 24 25 26 28 -60 0
d 17 20 22 23 24 25 26 28 -60 0
22 23 24 25 26 28 -63 0
d 20 22 23 24 25 26 28 -63 0
22 23 24 25 26 28 -65 0
d 20 22 23 24 25 26 28 -65 0
22 23 24 25 26 28 -66 0
d 20 22 23 24 25 26 28 -66 0
22 23 24 25 26 28 -67 0
d 20 22 23 24 25 26 28 -67 0
22 23 24 25 26 28 -68 0
d 20 22 23 24 25 26 28 -68 0
16 23 24 25 26 28 -29 0
d 16 22 23 24 25 26 28 -29 0
15 23 24 25 26 28 -30 0
d 15 22 23 24 25 26 28 -30 0
18 23 24 25 26 28 -31 0
d 18 22 23 24 25 26 28 -31 0
17 23 24 25 26 28 -32 0
d 17 22 23 24 25 26 28 -32 0
20 23 24 25 26 28 -33 0
d 20 22 23 24 25 26 28 -33 0
19 23 24 25 26 28 -34 0
d 19 22 23 24 25 26 28 -34 0
23 24 25 26 28 -37 0
d 22 23 24 25 26 28 -37 0
23 24 25 26 28 -38 0
d 22 23 24 25 26 28 -38 0
23 24 25 26 28 -39 0
d 22 23 24 25 26 28 -39 0
23 24 25 26 28 -40 0
d 22 23 24 25 26 28 -40 0
-22 44 45 46 47 48 49 51 52 53 54 56 0
d -22 43 44 45 46 47 48 49 51 52 53 54 56 0
16 23 24 25 26 28 -43 0
d 16 22 23 24 25 26 28 -43 0
-22 45 46 47 48 49 51 52 53 54 56 0
d -22 44 45 46 47 48 49 51 52 53 54 56 0
15 23 24 25 26 28 -44 0
d 15 22 23 24 25 26 28 -44 0
-22 46 47 48 49 51 52 53 54 56 0
d -22 45 46 47 48 49 51 52 53 54 56 0
18 23 24 25 26 28 -45 0
d 18 22 23 24 25 26 28 -45 0
-22 47 48 49 51 52 53 54 56 0
d -22 46 47 48 49 51 52 53 54 56 0
17 23 24 25 26 28 -46 0
d 17 22 23 24 25 26 28 -46 0
-22 48 49 51 52 53 54 56 0
d -22 47 48 49 51 52 53 54 56 0
20 23 24 25 26 28 -47 0
d 20 22 23 24 25 26 28 -47 0
-22 49 51 52 53 54 56 0
d -22 48 49 51 52 53 54 56 0
19 23 24 25 26 28 -48 0
d 19 22 23 24 25 26 28 -48 0
-22 49 52 53 54 56 0
d -22 49 51 52 53 54 56 0
23 24 25 26 28 -51 0
d 22 23 24 25 26 28 -51 0
-22 49 53 54 56 0
d -22 49 52 53 54 56 0
23 24 25 26 28 -52 0
d 22 23 24 25 26 28 -52 0
-22 49 54 56 0
d -22 49 53 54 56 0
23 24 25 26 28 -53 0
d 22 23 24 25 26 28 -53 0
-22 49 56 0
d -22 49 54 56 0
23 24 25 26 28 -54 0
d 22 23 24 25 26 28 -54 0
16 23 24 25 26 28 -57 0
d 16 22 23 24 25 26 28 -57 0
15 23 24 25 26 28 -58 0
d 15 22 23 24 25 26 28 -58 0
18 23 24 25 26 28 -59 0
d 18 22 23 24 25 26 28 -59 0
17 23 24 25 26 28 -60 0
d 17 22 23 24 25 26 28 -60 0
20 23 24 25 26 28 -61 0
d 20 22 23 24 25 26 28 -61 0
19 23 24 25 26 28 -62 0
d 19 22 23 24 25 26 28 -62 0
23 24 25 26 28 -65 0
d 22 23 24 25 26 28 -65 0
23 24 25 26 28 -66 0
d 22 23 24 25 26 28 -66 0
23 24 25 26 28 -67 0
d 22 23 24 25 26 28 -67 0
23 24 25 26 28 -68 0
d 22 23 24 25 26 28 -68 0
24 25 26 28 -37 0
d 23 24 25 26 28 -37 0
-23 43 44 45 46 47 48 49 52 53 54 56 0
d -23 43 44 45 46 47 48 49 51 52 53 54 56 0
24 25 26 28 -51 0
d 23 24 25 26 28 -51 0
24 25 26 28 -65 0
d 23 24 25 26 28 -65 0
16 24 25 26 28 -29 0
d 16 23 24 25 26 28 -29 0
15 24 25 26 28 -30 0
d 15 23 24 25 26 28 -30 0
18 24 25 26 28 -31 0
d 18 23 24 25 26 28 -31 0
17 24 25 26 28 -32 0
d 17 23 24 25 26 28 -32 0
20 24 25 26 28 -33 0
d 20 23 24 25 26 28 -33 0
19 24 25 26 28 -34 0
d 19 23 24 25 26 28 -34 0
22 24 25 26 28 -35 0
d 22 23 24 25 26 28 -35 0
24 25 26 28 -39 0
d 23 24 25 26 28 -39 0
24 25 26 28 -40 0
d 23 24 25 26 28 -40 0
-23 44 45 46 47 48 49 52 53 54 56 0
d -23 43 44 45 46 47 48 49 52 53 54 56 0
16 24 25 26 28 -43 0
d 16 23 24 25 26 28 -43 0
-23 45 46 47 48 49 52 53 54 56 0
d -23 44 45 46 47 48 49 52 53 54 56 0
15 24 25 26 28 -44 0
d 15 23 24 25 26 28 -44 0
-23 46 47 48 49 52 53 54 56 0
d -23 45 46 47 48 49 52 53 54 56 0
18 24 25 26 28 -45 0
d 18 23 24 25 26 28 -45 0
-23 47 48 49 52 53 54 56 0
d -23 46 47 48 49 52 53 54 56 0
17 24 25 26 28 -46 0
d 17 23 24 25 26 28 -46 0
-23 48 49 52 53 54 56 0
d -23 47 48 49 52 53 54 56 0
20 24 25 26 28 -47 0
d 20 23 24 25 26 28 -47 0
-23 49 52 53 54 56 0
d -23 48 49 52 53 54 56 0
19 24 25 26 28 -48 0
d 19 23 24 25 26 28 -48 0
-23 52 53 54 56 0
d -23 49 52 53 54 56 0
22 24 25 26 28 -49 0
d 22 23 24 25 26 28 -49 0
-23 52 54 56 0
d -23 52 53 54 56 0
24 25 26 28 -53 0
d 23 24 25 26 28 -53 0
-23 52 56 0
d -23 52 54 56 0
24 25 26 28 -54 0
d 23 24 25 26 28 -54 0
16 24 25 26 28 -57 0
d 16 23 24 25 26 28 -57 0
15 24 25 26 28 -58 0
d 15 23 24 25 26 28 -58 0
18 24 25 26 28 -59 0
d 18 23 24 25 26 28 -59 0
17 24 25 26 28 -60 0
d 17 23 24 25 26 28 -60 0
20 24 25 26 28 -61 0
d 20 23 24 25 26 28 -61 0
19 24 25 26 28 -62 0
d 19 23 24 25 26 28 -62 0
22 24 25 26 28 -63 0
d 22 23 24 25 26 28 -63 0
24 25 26 28 -67 0
d 23 24 25 26 28 -67 0
24 25 26 28 -68 0
d 23 24 25 26 28 -68 0
23 25 26 28 -38 0
d 23 24 25 26 28 -38 0
-24 43 44 45 46 47 48 49 51 53 54 56 0
d -24 43 44 45 46 47 48 49 51 52 53 54 56 0
23 25 26 28 -52 0
d 23 24 25 26 28 -52 0
23 25 26 28 -66 0
d 23 24 25 26 28 -66 0
16 25 26 28 -29 0
d 16 24 25 26 28 -29 0
15 25 26 28 -30 0
d 15 24 25 26 28 -30 0
18 25 26 28 -31 0
d 18 24 25 26 28 -31 0
17 25 26 28 -32 0
d 17 24 25 26 28 -32 0
20 25 26 28 -33 0
d 20 24 25 26 28 -33 0
19 25 26 28 -34 0
d 19 24 25 26 28 -34 0
22 25 26 28 -35 0
d 22 24 25 26 28 -35 0
25 26 28 -39 0
d 24 25 26 28 -39 0
25 26 28 -40 0
d 24 25 26 28 -40 0
-24 44 45 46 47 48 49 51 53 54 56 0
d -24 43 44 45 46 47 48 49 51 53 54 56 0
16 25 26 28 -43 0
d 16 24 25 26 28 -43 0
-24 45 46 47 48 49 51 53 54 56 0
d -24 44 45 46 47 48 49 51 53 54 56 0
15 25 26 28 -44 0
d 15 24 25 26 28 -44 0
-24 46 47 48 49 51 53 54 56 0
d -24 45 46 47 48 49 51 53 54 56 0
18 25 26 28 -45 0
d 18 24 25 26 28 -45 0
-24 47 48 49 51 53 54 56 0
d -24 46 47 48 49 51 53 54 56 0
17 25 26 28 -46 0
d 17 24 25 26 28 -46 0
-24 48 49 51 53 54 56 0
d -24 47 48 49 51 53 54 56 0
20 25 26 28 -47 0
d 20 24 25 26 28 -47 0
-24 49 51 53 54 56 0
d -24 48 49 51 53 54 56 0
19 25 26 28 -48 0
d 19 24 25 26 28 -48 0
-24 51 53 54 56 0
d -24 49 51 53 54 56 0
22 25 26 28 -49 0
d 22 24 25 26 28 -49 0
-24 51 54 56 0
d -24 51 53 54 56 0
25 26 28 -53 0
d 24 25 26 28 -53 0
-24 51 56 0
d -24 51 54 56 0
25 26 28 -54 0
d 24 25 26 28 -54 0
16 25 26 28 -57 0
d 16 24 25 26 28 -57 0
15 25 26 28 -58 0
d 15 24 25 26 28 -58 0
18 25 26 28 -59 0
d 18 24 25 26 28 -59 0
17 25 26 28 -60 0
d 17 24 25 26 28 -60 0
20 25 26 28 -61 0
d 20 24 25 26 28 -61 0
19 25 26 28 -62 0
d 19 24 25 26 28 -62 0
22 25 26 28 -63 0
d 22 24 25 26 28 -63 0
25 26 28 -67 0
d 24 25 26 28 -67 0
25 26 28 -68 0
d 24 25 26 28 -68 0
26 28 -39 0
d 25 26 28 -39 0
-25 43 44 45 46 47 48 49 51 52 54 56 0
d -25 43 44 45 46 47 48 49 51 52 53 54 56 0
26 28 -53 0
d 25 26 28 -53 0
26 28 -67 0
d 25 26 28 -67 0
16 26 28 -29 0
d 16 25 26 28 -29 0
15 26 28 -30 0
d 15 25 26 28 -30 0
18 26 28 -31 0
d 18 25 26 28 -31 0
17 26 28 -32 0
d 17 25 26 28 -32 0
20 26 28 -33 0
d 20 25 26 28 -33 0
19 26 28 -34 0
d 19 25 26 28 -34 0
22 26 28 -35 0
d 22 25 26 28 -35 0
24 26 28 -37 0
d 24 25 26 28 -37 0
23 26 28 -38 0
d 23 25 26 28 -38 0
-25 44 45 46 47 48 49 51 52 54 56 0
d -25 43 44 45 46 47 48 49 51 52 54 56 0
16 26 28 -43 0
d 16 25 26 28 -43 0
-25 45 46 47 48 49 51 52 54 56 0
d -25 44 45 46 47 48 49 51 52 54 56 0
15 26 28 -44 0
d 15 25 26 28 -44 0
-25 46 47 48 49 51 52 54 56 0
d -25 45 46 47 48 49 51 52 54 56 0
18 26 28 -45 0
d 18 25 26 28 -45 0
-25 47 48 49 51 52 54 56 0
d -25 46 47 48 49 51 52 54 56 0
17 26 28 -46 0
d 17 25 26 28 -46 0
-25 48 49 51 52 54 56 0
d -25 47 48 49 51 52 54 56 0
20 26 28 -47 0
d 20 25 26 28 -47 0
-25 49 51 52 54 56 0
d -25 48 49 51 52 54 56 0
19 26 28 -48 0
d 19 25 26 28 -48 0
-25 51 52 54 56 0
d -25 49 51 52 54 56 0
22 26 28 -49 0
d 22 25 26 28 -49 0
-25 52 54 56 0
d -25 51 52 54 56 0
24 26 28 -51 0
d 24 25 26 28 -51 0
-25 54 56 0
d -25 52 54 56 0
23 26 28 -52 0
d 23 25 26 28 -52 0
16 26 28 -57 0
d 16 25 26 28 -57 0
15 26 28 -58 0
d 15 25 26 28 -58 0
18 26 28 -59 0
d 18 25 26 28 -59 0
17 26 28 -60 0
d 17 25 26 28 -60 0
20 26 28 -61 0
d 20 25 26 28 -61 0
19 26 28 -62 0
d 19 25 26 28 -62 0
22 26 28 -63 0
d 22 25 26 28 -63 0
24 26 28 -65 0
d 24 25 26 28 -65 0
23 26 28 -66 0
d 23 25 26 28 -66 0
25 28 -40 0
d 25 26 28 -40 0
-26 43 44 45 46 47 48 49 51 52 53 56 0
d -26 43 44 45 46 47 48 49 51 52 53 54 56 0
25 28 -54 0
d 25 26 28 -54 0
25 28 -68 0
d 25 26 28 -68 0
16 28 -29 0
d 16 26 28 -29 0
15 28 -30 0
d 15 26 28 -30 0
18 28 -31 0
d 18 26 28 -31 0
17 28 -32 0
d 17 26 28 -32 0
20 28 -33 0
d 20 26 28 -33 0
19 28 -34 0
d 19 26 28 -34 0
22 28 -35 0
d 22 26 28 -35 0
24 28 -37 0
d 24 26 28 -37 0
23 28 -38 0
d 23 26 28 -38 0
-26 44 45 46 47 48 49 51 52 53 56 0
d -26 43 44 45 46 47 48 49 51 52 53 56 0
16 28 -43 0
d 16 26 28 -43 0
-26 45 46 47 48 49 51 52 53 56 0
d -26 44 45 46 47 48 49 51 52 53 56 0
15 28 -44 0
d 15 26 28 -44 0
-26 46 47 48 49 51 52 53 56 0
d -26 45 46 47 48 49 51 52 53 56 0
18 28 -45 0
d 18 26 28 -45 0
-26 47 48 49 51 52 53 56 0
d -26 46 47 48 49 51 52 53 56 0
17 28 -46 0
d 17 26 28 -46 0
-26 48 49 51 52 53 56 0
d -26 47 48 49 51 52 53 56 0
20 28 -47 0
d 20 26 28 -47 0
-26 49 51 52 53 56 0
d -26 48 49 51 52 53 56 0
19 28 -48 0
d 19 26 28 -48 0
-26 51 52 53 56 0
d -26 49 51 52 53 56 0
22 28 -49 0
d 22 26 28 -49 0
-26 52 53 56 0
d -26 51 52 53 56 0
24 28 -51 0
d 24 26 28 -51 0
-26 53 56 0
d -26 52 53 56 0
23 28 -52 0
d 23 26 28 -52 0
16 28 -57 0
d 16 26 28 -57 0
15 28 -58 0
d 15 26 28 -58 0
18 28 -59 0
d 18 26 28 -59 0
17 28 -60 0
d 17 26 28 -60 0
20 28 -61 0
d 20 26 28 -61 0
19 28 -62 0
d 19 26 28 -62 0
22 28 -63 0
d 22 26 28 -63 0
24 28 -65 0
d 24 26 28 -65 0
23 28 -66 0
d 23 26 28 -66 0
-29 44 45 46 47 48 49 51 52 53 54 56 0
d -29 43 44 45 46 47 48 49 51 52 53 54 56 0
-29 44 46 47 48 49 51 52 53 54 56 0
d -29 44 45 46 47 48 49 51 52 53 54 56 0
-29 44 47 48 49 51 52 53 54 56 0
d -29 44 46 47 48 49 51 52 53 54 56 0
-29 44 48 49 51 52 53 54 56 0
d -29 44 47 48 49 51 52 53 54 56 0
-29 44 49 51 52 53 54 56 0
d -29 44 48 49 51 52 53 54 56 0
-29 44 51 52 53 54 56 0
d -29 44 49 51 52 53 54 56 0
-29 44 52 53 54 56 0
d -29 44 51 52 53 54 56 0
-29 44 53 54 56 0
d -29 44 52 53 54 56 0
-29 44 54 56 0
d -29 44 53 54 56 0
-29 44 56 0
d -29 44 54 56 0
-30 43 45 46 47 48 49 51 52 53 54 56 0
d -30 43 44 45 46 47 48 49 51 52 53 54 56 0
-30 43 46 47 48 49 51 52 53 54 56 0
d -30 43 45 46 47 48 49 51 52 53 54 56 0
-30 43 47 48 49 51 52 53 54 56 0
d -30 43 46 47 48 49 51 52 53 54 56 0
-30 43 48 49 51 52 53 54 56 0
d -30 43 47 48 49 51 52 53 54 56 0
-30 43 49 51 52 53 54 56 0
d -30 43 48 49 51 52 53 54 56 0
-30 43 51 52 53 54 56 0
d -30 43 49 51 52 53 54 56 0
-30 43 52 53 54 56 0
d -30 43 51 52 53 54 56 0
-30 43 53 54 56 0
d -30 43 52 53 54 56 0
-30 43 54 56 0
d -30 43 53 54 56 0
-30 43 56 0
d -30 43 54 56 0
-31 43 44 46 47 48 49 51 52 53 54 56 0
d -31 43 44 45 46 47 48 49 51 52 53 54 56 0
-31 44 46 47 48 49 51 52 53 54 56 0
d -31 43 44 46 47 48 49 51 52 53 54 56 0
-31 46 47 48 49 51 52 53 54 56 0
d -31 44 46 47 48 49 51 52 53 54 56 0
-31 46 48 49 51 52 53 54 56 0
d -31 46 47 48 49 51 52 53 54 56 0
-31 46 49 51 52 53 54 56 0
d -31 46 48 49 51 52 53 54 56 0
-31 46 51 52 53 54 56 0
d -31 46 49 51 52 53 54 56 0
-31 46 52 53 54 56 0
d -31 46 51 52 53 54 56 0
-31 46 53 54 56 0
d -31 46 52 53 54 56 0
-31 46 54 56 0
d -31 46 53 54 56 0
-31 46 56 0
d -31 46 54 56 0
-32 43 44 45 47 48 49 51 52 53 54 56 0
d -32 43 44 45 46 47 48 49 51 52 53 54 56 0
-32 44 45 47 48 49 51 52 53 54 56 0
d -32 43 44 45 47 48 49 51 52 53 54 56 0
-32 45 47 48 49 51 52 53 54 56 0
d -32 44 45 47 48 49 51 52 53 54 56 0
-32 45 48 49 51 52 53 54 56 0
d -32 45 47 48 49 51 52 53 54 56 0
-32 45 49 51 52 53 54 56 0
d -32 45 48 49 51 52 53 54 56 0
-32 45 51 52 53 54 56 0
d -32 45 49 51 52 53 54 56 0
-32 45 52 53 54 56 0
d -32 45 51 52 53 54 56 0
-32 45 53 54 56 0
d -32 45 52 53 54 56 0
-32 45 54 56 0
d -32 45 53 54 56 0
-32 45 56 0
d -32 45 54 56 0
-33 43 44 45 46 48 49 51 52 53 54 56 0
d -33 43 44 45 46 47 48 49 51 52 53 54 56 0
-33 44 45 46 48 49 51 52 53 54 56 0
d -33 43 44 45 46 48 49 51 52 53 54 56 0
-33 45 46 48 49 51 52 53 54 56 0
d -33 44 45 46 48 49 51 52 53 54 56 0
-33 46 48 49 51 52 53 54 56 0
d -33 45 46 48 49 51 52 53 54 56 0
-33 48 49 51 52 53 54 56 0
d -33 46 48 49 51 52 53 54 56 0
-33 48 51 52 53 54 56 0
d -33 48 49 51 52 53 54 56 0
-33 48 52 53 54 56 0
d -33 48 51 52 53 54 56 0
-33 48 53 54 56 0
d -33 48 52 53 54 56 0
-33 48 54 56 0
d -33 48 53 54 56 0
-33 48 56 0
d -33 48 54 56 0
-34 43 44 45 46 47 49 51 52 53 54 56 0
d -34 43 44 45 46 47 48 49 51 52 53 54 56 0
-34 44 45 46 47 49 51 52 53 54 56 0
d -34 43 44 45 46 47 49 51 52 53 54 56 0
-34 45 46 47 49 51 52 53 54 56 0
d -34 44 45 46 47 49 51 52 53 54 56 0
-34 46 47 49 51 52 53 54 56 0
d -34 45 46 47 49 51 52 53 54 56 0
-34 47 49 51 52 53 54 56 0
d -34 46 47 49 51 52 53 54 56 0
-34 47 51 52 53 54 56 0
d -34 47 49 51 52 53 54 56 0
-34 47 52 53 54 56 0
d -34 47 51 52 53 54 56 0
-34 47 53 54 56 0
d -34 47 52 53 54 56 0
-34 47 54 56 0
d -34 47 53 54 56 0
-34 47 56 0
d -34 47 54 56 0
-36 44 45 46 47 48 49 51 52 53 54 56 0
d -36 43 44 45 46 47 48 49 51 52 53 54 56 0
-36 45 46 47 48 49 51 52 53 54 56 0
d -36 44 45 46 47 48 49 51 52 53 54 56 0
-36 46 47 48 49 51 52 53 54 56 0
d -36 45 46 47 48 49 51 52 53 54 56 0
-36 47 48 49 51 52 53 54 56 0
d -36 46 47 48 49 51 52 53 54 56 0
-36 48 49 51 52 53 54 56 0
d -36 47 48 49 51 52 53 54 56 0
-36 49 51 52 53 54 56 0
d -36 48 49 51 52 53 54 56 0
-36 49 52 53 54 56 0
d -36 49 51 52 53 54 56 0
-36 49 53 54 56 0
d -36 49 52 53 54 56 0
-36 49 54 56 0
d -36 49 53 54 56 0
-36 49 56 0
d -36 49 54 56 0
-37 43 44 45 46 47 48 49 52 53 54 56 0
d -37 43 44 45 46 47 48 49 51 52 53 54 56 0
-37 44 45 46 47 48 49 52 53 54 56 0
d -37 43 44 45 46 47 48 49 52 53 54 56 0
-37 45 46 47 48 49 52 53 54 56 0
d -37 44 45 46 47 48 49 52 53 54 56 0
-37 46 47 48 49 52 53 54 56 0
d -37 45 46 47 48 49 52 53 54 56 0
-37 47 48 49 52 53 54 56 0
d -37 46 47 48 49 52 53 54 56 0
-37 48 49 52 53 54 56 0
d -37 47 48 49 52 53 54 56 0
-37 49 52 53 54 56 0
d -37 48 49 52 53 54 56 0
-37 52 53 54 56 0
d -37 49 52 53 54 56 0
-37 52 54 56 0
d -37 52 53 54 56 0
-37 52 56 0
d -37 52 54 56 0
-38 43 44 45 46 47 48 49 51 53 54 56 0
d -38 43 44 45 46 47 48 49 51 52 53 54 56 0
-38 44 45 46 47 48 49 51 53 54 56 0
d -38 43 44 45 46 47 48 49 51 53 54 56 0
-38 45 46 47 48 49 51 53 54 56 0
d -38 44 45 46 47 48 49 51 53 54 56 0
-38 46 47 48 49 51 53 54 56 0
d -38 45 46 47 48 49 51 53 54 56 0
-38 47 48 49 51 53 54 56 0
d -38 46 47 48 49 51 53 54 56 0
-38 48 49 51 53 54 56 0
d -38 47 48 49 51 53 54 56 0
-38 49 51 53 54 56 0
d -38 48 49 51 53 54 56 0
-38 51 53 54 56 0
d -38 49 51 53 54 56 0
-38 51 54 56 0
d -38 51 53 54 56 0
-38 51 56 0
d -38 51 54 56 0
-39 43 44 45 46 47 48 49 51 52 54 56 0
d -39 43 44 45 46 47 48 49 51 52 53 54 56 0
-39 44 45 46 47 48 49 51 52 54 56 0
d -39 43 44 45 46 47 48 49 51 52 54 56 0
-39 45 46 47 48 49 51 52 54 56 0
d -39 44 45 46 47 48 49 51 52 54 56 0
-39 46 47 48 49 51 52 54 56 0
d -39 45 46 47 48 49 51 52 54 56 0
-39 47 48 49 51 52 54 56 0
d -39 46 47 48 49 51 52 54 56 0
-39 48 49 51 52 54 56 0
d -39 47 48 49 51 52 54 56 0
-39 49 51 52 54 56 0
d -39 48 49 51 52 54 56 0
-39 51 52 54 56 0
d -39 49 51 52 54 56 0
-39 52 54 56 0
d -39 51 52 54 56 0
-39 54 56 0
d -39 52 54 56 0
-40 43 44 45 46 47 48 49 51 52 53 56 0
d -40 43 44 45 46 47 48 49 51 52 53 54 56 0
-40 44 45 46 47 48 49 51 52 53 56 0
d -40 43 44 45 46 47 48 49 51 52 53 56 0
-40 45 46 47 48 49 51 52 53 56 0
d -40 44 45 46 47 48 49 51 52 53 56 0
-40 46 47 48 49 51 52 53 56 0
d -40 45 46 47 48 49 51 52 53 56 0
-40 47 48 49 51 52 53 56 0
d -40 46 47 48 49 51 52 53 56 0
-40 48 49 51 52 53 56 0
d -40 47 48 49 51 52 53 56 0
-40 49 51 52 53 56 0
d -40 48 49 51 52 53 56 0
-40 51 52 53 56 0
d -40 49 51 52 53 56 0
-40 52 53 56 0
d -40 51 52 53 56 0
-40 53 56 0
d -40 52 53 56 0
44 45 46 47 48 49 51 52 53 54 56 -57 0
d 43 44 45 46 47 48 49 51 52 53 54 56 -57 0
44 45 46 47 48 49 51 52 53 54 56 -59 0
d 43 44 45 46 47 48 49 51 52 53 54 56 -59 0
44 45 46 47 48 49 51 52 53 54 56 -60 0
d 43 44 45 46 47 48 49 51 52 53 54 56 -60 0
44 45 46 47 48 49 51 52 53 54 56 -61 0
d 43 44 45 46 47 48 49 51 52 53 54 56 -61 0
44 45 46 47 48 49 51 52 53 54 56 -62 0
d 43 44 45 46 47 48 49 51 52 53 54 56 -62 0
44 45 46 47 48 49 51 52 53 54 56 -64 0
d 43 44 45 46 47 48 49 51 52 53 54 56 -64 0
44 45 46 47 48 49 51 52 53 54 56 -65 0
d 43 44 45 46 47 48 49 51 52 53 54 56 -65 0
44 45 46 47 48 49 51 52 53 54 56 -66 0
d 43 44 45 46 47 48 49 51 52 53 54 56 -66 0
44 45 46 47 48 49 51 52 53 54 56 -67 0
d 43 44 45 46 47 48 49 51 52 53 54 56 -67 0
44 45 46 47 48 49 51 52 53 54 56 -68 0
d 43 44 45 46 47 48 49 51 52 53 54 56 -68 0
43 45 46 47 48 49 51 52 53 54 56 -58 0
d 43 44 45 46 47 48 49 51 52 53 54 56 -58 0
45 46 47 48 49 51 52 53 54 56 -59 0
d 44 45 46 47 48 49 51 52 53 54 56 -59 0
45 46 47 48 49 51 52 53 54 56 -60 0
d 44 45 46 47 48 49 51 52 53 54 56 -60 0
45 46 47 48 49 51 52 53 54 56 -61 0
d 44 45 46 47 48 49 51 52 53 54 56 -61 0
45 46 47 48 49 51 52 53 54 56 -62 0
d 44 45 46 47 48 49 51 52 53 54 56 -62 0
45 46 47 48 49 51 52 53 54 56 -64 0
d 44 45 46 47 48 49 51 52 53 54 56 -64 0
45 46 47 48 49 51 52 53 54 56 -65 0
d 44 45 46 47 48 49 51 52 53 54 56 -65 0
45 46 47 48 49 51 52 53 54 56 -66 0
d 44 45 46 47 48 49 51 52 53 54 56 -66 0
45 46 47 48 49 51 52 53 54 56 -67 0
d 44 45 46 47 48 49 51 52 53 54 56 -67 0
45 46 47 48 49 51 52 53 54 56 -68 0
d 44 45 46 47 48 49 51 52 53 54 56 -68 0
46 47 48 49 51 52 53 54 56 -59 0
d 45 46 47 48 49 51 52 53 54 56 -59 0
44 46 47 48 49 51 52 53 54 56 -57 0
d 44 45 46 47 48 49 51 52 53 54 56 -57 0
43 46 47 48 49 51 52 53 54 56 -58 0
d 43 45 46 47 48 49 51 52 53 54 56 -58 0
46 47 48 49 51 52 53 54 56 -61 0
d 45 46 47 48 49 51 52 53 54 56 -61 0
46 47 48 49 51 52 53 54 56 -62 0
d 45 46 47 48 49 51 52 53 54 56 -62 0
46 47 48 49 51 52 53 54 56 -64 0
d 45 46 47 48 49 51 52 53 54 56 -64 0
46 47 48 49 51 52 53 54 56 -65 0
d 45 46 47 48 49 51 52 53 54 56 -65 0
46 47 48 49 51 52 53 54 56 -66 0
d 45 46 47 48 49 51 52 53 54 56 -66 0
46 47 48 49 51 52 53 54 56 -67 0
d 45 46 47 48 49 51 52 53 54 56 -67 0
46 47 48 49 51 52 53 54 56 -68 0
d 45 46 47 48 49 51 52 53 54 56 -68 0
45 47 48 49 51 52 53 54 56 -60 0
d 45 46 47 48 49 51 52 53 54 56 -60 0
44 47 48 49 51 52 53 54 56 -57 0
d 44 46 47 48 49 51 52 53 54 56 -57 0
43 47 48 49 51 52 53 54 56 -58 0
d 43 46 47 48 49 51 52 53 54 56 -58 0
47 48 49 51 52 53 54 56 -61 0
d 46 47 48 49 51 52 53 54 56 -61 0
47 48 49 51 52 53 54 56 -62 0
d 46 47 48 49 51 52 53 54 56 -62 0
47 48 49 51 52 53 54 56 -64 0
d 46 47 48 49 51 52 53 54 56 -64 0
47 48 49 51 52 53 54 56 -65 0
d 46 47 48 49 51 52 53 54 56 -65 0
47 48 49 51 52 53 54 56 -66 0
d 46 47 48 49 51 52 53 54 56 -66 0
47 48 49 51 52 53 54 56 -67 0
d 46 47 48 49 51 52 53 54 56 -67 0
47 48 49 51 52 53 54 56 -68 0
d 46 47 48 49 51 52 53 54 56 -68 0
48 49 51 52 53 54 56 -61 0
d 47 48 49 51 52 53 54 56 -61 0
44 48 49 51 52 53 54 56 -57 0
d 44 47 48 49 51 52 53 54 56 -57 0
43 48 49 51 52 53 54 56 -58 0
d 43 47 48 49 51 52 53 54 56 -58 0
46 48 49 51 52 53 54 56 -59 0
d 46 47 48 49 51 52 53 54 56 -59 0
45 48 49 51 52 53 54 56 -60 0
d 45 47 48 49 51 52 53 54 56 -60 0
48 49 51 52 53 54 56 -64 0
d 47 48 49 51 52 53 54 56 -64 0
48 49 51 52 53 54 56 -65 0
d 47 48 49 51 52 53 54 56 -65 0
48 49 51 52 53 54 56 -66 0
d 47 48 49 51 52 53 54 56 -66 0
48 49 51 52 53 54 56 -67 0
d 47 48 49 51 52 53 54 56 -67 0
48 49 51 52 53 54 56 -68 0
d 47 48 49 51 52 53 54 56 -68 0
47 49 51 52 53 54 56 -62 0
d 47 48 49 51 52 53 54 56 -62 0
44 49 51 52 53 54 56 -57 0
d 44 48 49 51 52 53 54 56 -57 0
43 49 51 52 53 54 56 -58 0
d 43 48 49 51 52 53 54 56 -58 0
46 49 51 52 53 54 56 -59 0
d 46 48 49 51 52 53 54 56 -59 0
45 49 51 52 53 54 56 -60 0
d 45 48 49 51 52 53 54 56 -60 0
49 51 52 53 54 56 -64 0
d 48 49 51 52 53 54 56 -64 0
49 51 52 53 54 56 -65 0
d 48 49 51 52 53 54 56 -65 0
49 51 52 53 54 56 -66 0
d 48 49 51 52 53 54 56 -66 0
49 51 52 53 54 56 -67 0
d 48 49 51 52 53 54 56 -67 0
49 51 52 53 54 56 -68 0
d 48 49 51 52 53 54 56 -68 0
44 51 52 53 54 56 -57 0
d 44 49 51 52 53 54 56 -57 0
43 51 52 53 54 56 -58 0
d 43 49 51 52 53 54 56 -58 0
46 51 52 53 54 56 -59 0
d 46 49 51 52 53 54 56 -59 0
45 51 52 53 54 56 -60 0
d 45 49 51 52 53 54 56 -60 0
48 51 52 53 54 56 -61 0
d 48 49 51 52 53 54 56 -61 0
47 51 52 53 54 56 -62 0
d 47 49 51 52 53 54 56 -62 0
51 52 53 54 56 -65 0
d 49 51 52 53 54 56 -65 0
51 52 53 54 56 -66 0
d 49 51 52 53 54 56 -66 0
51 52 53 54 56 -67 0
d 49 51 52 53 54 56 -67 0
51 52 53 54 56 -68 0
d 49 51 52 53 54 56 -68 0
52 53 54 56 -65 0
d 51 52 53 54 56 -65 0
44 52 53 54 56 -57 0
d 44 51 52 53 54 56 -57 0
43 52 53 54 56 -58 0
d 43 51 52 53 54 56 -58 0
46 52 53 54 56 -59 0
d 46 51 52 53 54 56 -59 0
45 52 53 54 56 -60 0
d 45 51 52 53 54 56 -60 0
48 52 53 54 56 -61 0
d 48 51 52 53 54 56 -61 0
47 52 53 54 56 -62 0
d 47 51 52 53 54 56 -62 0
49 52 53 54 56 -64 0
d 49 51 52 53 54 56 -64 0
52 53 54 56 -67 0
d 51 52 53 54 56 -67 0
52 53 54 56 -68 0
d 51 52 53 54 56 -68 0
51 53 54 56 -66 0
d 51 52 53 54 56 -66 0
44 53 54 56 -57 0
d 44 52 53 54 56 -57 0
43 53 54 56 -58 0
d 43 52 53 54 56 -58 0
46 53 54 56 -59 0
d 46 52 53 54 56 -59 0
45 53 54 56 -60 0
d 45 52 53 54 56 -60 0
48 53 54 56 -61 0
d 48 52 53 54 56 -61 0
47 53 54 56 -62 0
d 47 52 53 54 56 -62 0
49 53 54 56 -64 0
d 49 52 53 54 56 -64 0
53 54 56 -67 0
d 52 53 54 56 -67 0
53 54 56 -68 0
d 52 53 54 56 -68 0
54 56 -67 0
d 53 54 56 -67 0
44 54 56 -57 0
d 44 53 54 56 -57 0
43 54 56 -58 0
d 43 53 54 56 -58 0
46 54 56 -59 0
d 46 53 54 56 -59 0
45 54 56 -60 0
d 45 53 54 56 -60 0
48 54 56 -61 0
d 48 53 54 56 -61 0
47 54 56 -62 0
d 47 53 54 56 -62 0
49 54 56 -64 0
d 49 53 54 56 -64 0
52 54 56 -65 0
d 52 53 54 56 -65 0
51 54 56 -66 0
d 51 53 54 56 -66 0
53 56 -68 0
d 53 54 56 -68 0
44 56 -57 0
d 44 54 56 -57 0
43 56 -58 0
d 43 54 56 -58 0
46 56 -59 0
d 46 54 56 -59 0
45 56 -60 0
d 45 54 56 -60 0
48 56 -61 0
d 48 54 56 -61 0
47 56 -62 0
d 47 54 56 -62 0
49 56 -64 0
d 49 54 56 -64 0
52 56 -65 0
d 52 54 56 -65 0
51 56 -66 0
d 51 54 56 -66 0
56 -57 15 0
-57 0
-30 0
-15 39 32 33 34 35 36 37 38 58 29 0
-68 28 56 0
-64 28 56 0
-65 28 56 0
-67 28 56 0
-61 28 56 0
-60 28 56 0
-45 28 60 0
-66 28 56 0
-58 28 56 0
-43 58 0
-63 28 56 0
-62 28 56 0
-35 28 56 0
-22 35 -70 0
-34 28 56 0
-47 34 -70 0
-39 28 56 0
-38 28 56 0
-40 28 56 0
28 56 0
-37 56 0
-59 56 0
-36 56 0
-63 -28 36 0
-31 56 0
-68 56 0
-32 70 59 0
-64 56 0
-35 70 64 0
-65 56 0
-29 56 0
-67 56 0
-33 56 0
-61 56 0
-34 70 61 0
-60 -28 31 0
-39 70 68 0
-66 -28 37 0
-38 70 65 0
56 0
-58 0
-40 0
59 63 68 64 65 67 61 60 66 0
-59 0
-37 0
68 64 65 67 61 60 66 0
64 65 67 61 60 66 0
65 67 61 60 66 0
-65 0
-36 0
61 60 39 35 66 0
-61 0
-31 0
60 66 0
-60 0
0
